path	1
T	NA
cut	5
Partition 0	803,804,805,800,806,807,819
Partition 1	797,801,802,796
Partition 2	798,813,816,814,815,817
Partition 3	808,809,811,810,812,799,818
Partition 6	820
path	2
T	NA
cut	5
Partition 0	803,804,805,800,806
Partition 1	797,801,802,807,819,820
Partition 2	798,813,816,814,815,817
Partition 3	808,809,811,810,812,799,818
Partition 6	796
path	3
T	NA
cut	5
Partition 0	803,804,805,800,806
Partition 1	797,801,802,807,819,820
Partition 2	798,813,816,814,815,817
Partition 3	808,809,811,810,812,799,818
Partition 5	796
path	4
T	NA
cut	7
Partition 0	803,804,808,805,800,806,799
Partition 1	797,801,802,807,819,820
Partition 2	798,813,816,814,815,817
Partition 3	809,811,810,812,796
Partition 7	818
path	5
T	NA
cut	6
Partition 0	803,804,805,800,806,807
Partition 1	797,801,802
Partition 2	798,813,816,814,815,817
Partition 3	808,809,811,810,812,799,818
Partition 4	819,820
Partition 6	796
