path	1
T	NA
cut	6
Partition 0	803,804,805,806
Partition 1	801,802,796,807,819,820
Partition 2	798,813,816,814,815,817
Partition 3	808,809,811,810,812,799,818
Partition 4	797
Partition 5	800
path	2
T	NA
cut	4
Partition 0	803,804,805,800,806
Partition 1	797,801,802,796,807,819,820
Partition 2	798,813,816,814,815,817
Partition 3	808,809,811,810,812,799,818
path	3
T	NA
cut	4
Partition 0	803,804,805,800,806
Partition 1	797,801,802,796,807,819,820
Partition 2	798,813,816,814,815,817
Partition 3	808,809,811,810,812,799,818
path	4
T	NA
cut	7
Partition 0	803,804,805,800,806
Partition 2	798,813,816,814,815,817
Partition 3	808,809,811,810,812,799
Partition 5	820
Partition 6	819
Partition 7	797,801,802,796,807
Partition 9	818
path	5
T	NA
cut	4
Partition 0	803,804,805,800,806
Partition 1	797,801,802,796,807,819,820
Partition 2	798,813,816,814,815,817
Partition 3	808,809,811,810,812,799,818
