path	1
T	NA
cut	8
Partition 0	802,809,805,808,806
Partition 1	814,801,798,803,796
Partition 2	797,812,810,800,811
Partition 3	813,799,804,807
Partition 4	815,816,817,819,818,820
path	2
T	NA
cut	9
Partition 0	802,809,805,808
Partition 1	814,801,798,803,796
Partition 2	797,812,810,800,811
Partition 3	813,799,804,807
Partition 4	815,816,817,819,818,820
Partition 5	806
path	3
T	NA
cut	8
Partition 0	802,809,805,808,806
Partition 1	814,801,798,803,796
Partition 2	797,812,813,810,800,811
Partition 3	799,804,807
Partition 4	815,816,817,819,818,820
path	4
T	NA
cut	8
Partition 0	802,809,805,808,806
Partition 1	814,801,798,803,796
Partition 2	797,812,810,800,811
Partition 3	813,799,804,807
Partition 4	815,816,817,819,818,820
path	5
T	NA
cut	8
Partition 0	802,809,805,808,806
Partition 1	814,801,798,803,796
Partition 2	797,812,810,800,811
Partition 3	813,799,804,807
Partition 4	815,816,817,819,818,820
