cut	93
Partition 0	1108,1109,1110
Partition 1	1063,1030,1062
Partition 2	1102,1115,1116
Partition 3	1098,1097,1095
Partition 4	1100,1099,1101
Partition 5	1067,1068
Partition 6	1106,1113,1112
Partition 7	1104,1105
Partition 8	1035,1038,1096
Partition 9	1033,1103,1107,1111
Partition 10	1039,1077,1079
Partition 11	1078,1076,1075
Partition 12	1071,1073,1074,1072
Partition 13	1056,1031,1057
Partition 14	1054,1045,1046
Partition 15	1034,1037,1048
Partition 16	1061,1064,1069,1070
Partition 17	1032,1055,1058
Partition 18	1065,1047,1066
Partition 19	1052,1060,1059
Partition 20	1051,1053,1050,1049
Partition 21	1143,1090,1089
Partition 22	1092,1142,1147
Partition 23	1036,1091,1043
Partition 24	1087,1085,1088
Partition 25	1082,1083,1084
Partition 26	1149,1148
Partition 27	1152,1151,1153,1150
Partition 28	1160,1159,1144
Partition 29	1145,1146,1155
Partition 30	1158,1157,1156,1154
Partition 31	1080,1041,1081
Partition 32	1093,1134,1136
Partition 33	1141,1086,1139
Partition 34	1094,1133,1137
Partition 35	1140,1138,1135
Partition 36	1126,1131,1128
Partition 37	1127,1114,1117,1118
Partition 38	1125,1129,1132,1130
Partition 39	1040,1123,1122
Partition 40	1121,1119,1044
Partition 41	1124,1042,1120
