path	1
T	NA
cut	8
Partition 0	816,799,817,818
Partition 1	797,813,814,812,815
Partition 2	798,807,811,810,819
Partition 3	804,800,805,796,806
Partition 4	802,803,808,809,801
path	2
T	NA
cut	8
Partition 0	816,799,817,818
Partition 1	797,813,814,812,815
Partition 2	798,807,811,810,819
Partition 3	804,800,805,796,806
Partition 4	802,803,808,809,801
path	3
T	NA
cut	8
Partition 0	816,799,817,818
Partition 1	797,813,814,812,815
Partition 2	798,807,811,810,819
Partition 3	804,800,805,796,806
Partition 4	802,803,808,809,801
path	4
T	NA
cut	8
Partition 0	816,799,817,818
Partition 1	797,813,814,812,815
Partition 2	798,807,811,810,819
Partition 3	804,800,805,796,806
Partition 4	802,803,808,809,801
path	5
T	NA
cut	8
Partition 0	816,799,817,818
Partition 1	797,813,814,812,815
Partition 2	798,807,811,810,819
Partition 3	804,800,805,796,806
Partition 4	802,803,808,809,801
