path	1
T	NA
cut	94
Partition 0	1102,1115,1116,1117
Partition 1	1109,1110
Partition 2	1095,1097
Partition 3	1099,1101,1098
Partition 4	1106,1113,1114
Partition 5	1038,1096,1035
Partition 6	1033,1103,1152,1111,1153
Partition 7	1107,1108
Partition 8	1104,1057,1105
Partition 9	1062,1063
Partition 10	1056,1045,1046,1031
Partition 11	1075,1074
Partition 12	1078,1079,1076
Partition 13	1112,1067,1068
Partition 14	1061,1064,1065,1034
Partition 15	1069,1070
Partition 16	1071,1073,1072
Partition 17	1053,1054
Partition 18	1052,1060,1050,1059
Partition 19	1051,1048,1047,1049,1066
Partition 20	1055,1037
Partition 21	1058
Partition 22	1082,1083,1084,1087,1043,1085,1088
Partition 23	1086,1139
Partition 24	1093,1080,1041,1081
Partition 26	1039,1077
Partition 27	1133,1137
Partition 28	1134
Partition 29	1142
Partition 30	1127,1128,1131
Partition 31	1118
Partition 32	1125,1126,1129,1130,1132
Partition 33	1042
Partition 34	1154
Partition 35	1145,1146,1156,1155,1157,1158
Partition 36	1119,1044
Partition 37	1040,1123,1122
Partition 38	1124,1120,1121
Partition 39	1036,1091,1092
Partition 40	1151,1149,1150
Partition 41	1148,1140,1136,1141,1135,1138
Partition 42	1090,1147,1089
Partition 43	1159,1160,1144
Partition 44	1032
Partition 46	1030
Partition 48	1143
Partition 51	1100
Partition 54	1094
