cut	95
Partition 0	1099,1101,1106
Partition 1	1104,1113,1105
Partition 2	1107,1111,1112
Partition 3	1033,1103,1038
Partition 4	1100,1098,1035,1097,1096
Partition 5	1102,1115,1116
Partition 6	1109,1095,1110
Partition 7	1070,1067,1068
Partition 8	1064,1065,1063
Partition 9	1108,1030,1062
Partition 10	1061,1069,1034
Partition 11	1055,1037,1048
Partition 12	1058,1059,1057
Partition 13	1052,1060,1050
Partition 14	1032,1051,1053,1049
Partition 15	1071,1073,1072
Partition 16	1054,1046,1074
Partition 17	1056,1045,1031
Partition 18	1075,1047,1066
Partition 19	1039,1077,1078,1079,1076
Partition 20	1080,1041,1081
Partition 21	1093,1134,1137
Partition 22	1140,1136,1138
Partition 23	1094,1133,1135,1131
Partition 24	1129,1132,1118,1128
Partition 25	1121,1119,1044
Partition 26	1122,1042,1120
Partition 27	1040,1123,1124
Partition 28	1125,1126,1130
Partition 29	1127,1114,1117
Partition 30	1151,1150,1149
Partition 31	1152,1153,1154
Partition 32	1158,1157,1156
Partition 33	1160,1159,1144
Partition 34	1145,1146,1143,1155,1090
Partition 35	1082,1083,1087
Partition 36	1084,1043,1085,1088
Partition 37	1148,1141,1086,1139
Partition 38	1036,1091,1092
Partition 39	1089,1142,1147
