cut	98
Partition 0	1102,1115,1116
Partition 1	1109,1110
Partition 2	1097,1095
Partition 3	1100,1099,1101,1098
Partition 4	1106,1113,1114
Partition 5	1035,1038,1096
Partition 6	1033,1103,1152
Partition 7	1107,1108,1111
Partition 8	1104,1105,1057
Partition 9	1063,1030,1062
Partition 10	1056,1045,1046,1031
Partition 11	1075,1066,1074
Partition 12	1078,1076
Partition 13	1112,1067,1068
Partition 14	1061,1064,1065
Partition 15	1069,1034,1070
Partition 16	1073,1072
Partition 17	1053,1054
Partition 18	1052,1060,1050,1071
Partition 19	1051,1049,1047
Partition 20	1032,1055,1037
Partition 21	1058,1059,1048
Partition 22	1084,1043,1085
Partition 23	1088,1086,1139
Partition 24	1080,1041,1081
Partition 25	1082,1083,1087
Partition 26	1039,1077,1079
Partition 27	1133,1137
Partition 28	1093,1134,1136
Partition 29	1140,1094,1138,1135
Partition 30	1125,1127,1131
Partition 31	1117,1118,1128
Partition 32	1126,1129,1132,1130
Partition 33	1151,1042
Partition 34	1156,1153,1154
Partition 35	1158,1157,1155
Partition 36	1119,1044
Partition 37	1040,1123,1122
Partition 38	1124,1121,1120
Partition 39	1036,1091
Partition 40	1150,1149,1147
Partition 41	1148,1141,1092,1142
Partition 42	1090,1089
Partition 43	1159,1144
Partition 44	1160,1145,1146,1143
