path	1
T	NA
cut	8
Partition 0	802,803,808,804,809,800
Partition 1	798,807,801,805,796,806
Partition 2	811,816,810,817,818,819
Partition 3	797,813,814,812,815,799
path	2
T	NA
cut	8
Partition 0	802,803,808,804,809,800
Partition 1	798,807,801,805,796,806
Partition 2	811,816,810,817,818,819
Partition 3	797,813,814,812,815,799
path	3
T	NA
cut	7
Partition 0	802,803,808,804,801,800,796
Partition 1	798,807,805,806
Partition 2	811,810,817,818,819
Partition 3	797,813,814,812,815,816,799
Partition 4	809
path	4
T	NA
cut	8
Partition 0	802,803,808,809,801,800,796
Partition 1	798,807,805,806
Partition 2	811,816,799,810,817,818,819
Partition 3	797,813,814,812,815
Partition 4	804
path	5
T	NA
cut	8
Partition 0	802,803,808,804,801,800,796
Partition 1	798,807,806
Partition 2	809,811,810,817,818,819
Partition 3	797,813,814,812,815
Partition 4	805
Partition 5	816,799
