path	1
T	NA
cut	95
Partition 0	1064,1065,1066
Partition 1	1063
Partition 2	1061,1069
Partition 3	1078,1075,1076
Partition 4	1071,1070,1072
Partition 5	1073,1074
Partition 6	1053,1054
Partition 7	1060,1058,1104,1057,1059,1105
Partition 8	1032,1051,1055,1145
Partition 9	1037,1048,1034
Partition 10	1045,1046,1031
Partition 11	1030,1056,1062
Partition 12	1067,1068
Partition 13	1103
Partition 15	1107,1108,1109
Partition 16	1111,1112
Partition 18	1110,1115,1116
Partition 19	1101,1102
Partition 20	1099,1098
Partition 22	1033,1152,1151,1153,1154,1149,1150
Partition 23	1159,1160,1144
Partition 24	1146,1155
Partition 25	1156,1157,1158
Partition 26	1083,1084,1087
Partition 27	1043,1085
Partition 28	1090,1088,1089
Partition 29	1036,1091,1092
Partition 30	1052,1047,1049,1050,1148,1142,1140,1141
Partition 31	1143
Partition 32	1135,1138
Partition 33	1139,1137
Partition 34	1041,1081
Partition 35	1039,1077,1093,1094,1134
Partition 36	1079,1082
Partition 37	1119,1044
Partition 39	1040,1123,1124,1125,1042,1120,1121,1122
Partition 40	1126,1133,1128,1131
Partition 41	1127
Partition 42	1130
Partition 43	1136
Partition 45	1080
Partition 47	1100,1038,1096,1095,1097,1035
Partition 48	1086
Partition 51	1147
Partition 52	1132
Partition 54	1129,1118
Partition 55	1106,1113,1114,1117
