path	1
T	NA
cut	8
Partition 0	802,803,808,804,809,800
Partition 1	798,807,801,805,796,806
Partition 2	811,816,810,817,818,819
Partition 3	797,813,814,812,815
Partition 4	799
path	2
T	NA
cut	8
Partition 0	802,803,808,804,809,800
Partition 1	798,807,801,805,796,806
Partition 2	811,810,817,818,819
Partition 3	797,813,814,812,815
Partition 4	816,799
path	3
T	NA
cut	8
Partition 0	802,803,808,804,809,800
Partition 1	798,807,801,805,796,806
Partition 2	811,810,817,818,819
Partition 3	813,814,812,815,816,799
Partition 5	797
path	4
T	NA
cut	8
Partition 0	802,803,808,804,809,800
Partition 1	798,807,801,805,796,806
Partition 2	811,810,817,818,819
Partition 3	797,813,814,815,816,799
Partition 5	812
path	5
T	NA
cut	8
Partition 0	802,803,808,804,809,800
Partition 1	798,807,801,805,796,806
Partition 2	811,816,810,817,818,819
Partition 3	797,813,814,812,815
Partition 4	799
